0.000000
0.000000
0.000000
0.000000
0.000000
0.000000
0.000000
1.500000
114.000000
0.000000
0.000000
0.000000
0.000000
0.000000
1.500000
114.000000
42.500000
0.000000
0.000000
0.000000
0.000000
1.500000
114.000000
-10.500000
0.000000
0.000000
0.000000
0.000000
1.500000
87.499977
-10.500002
0.000000
0.000000
0.000000
0.000000
1.000000
86.999977
-72.500000
0.000000
0.000000
0.000000
0.000000
24.000000
86.999977
-72.500000
0.000000
0.000000
0.000000
0.000000
24.000000
232.999969
-72.500000
0.000000
0.000000
0.000000
0.000000
-68.000000
232.999908
-72.499985
0.000000
0.000000
0.000000
0.000000
-115.000000
245.499908
-114.499985
0.000000
0.000000
0.000000
0.000000
-142.499969
253.999908
-114.499954
0.000000
0.000000
0.000000
0.000000
45.500031
253.999908
-114.499954
0.000000
0.000000
0.000000
0.000000
197.000031
217.499969
185.000046
0.000000
0.000000
0.000000
0.000000
196.999985
217.500031
185.000046
355.500000
0.000000
0.000000
0.000000
196.999985
217.500031
185.000046
724.999939
-0.010000
0.000000
0.500000
195.999985
202.500031
178.500046
1077.999756
-0.019000
0.000000
1.000000
195.999924
234.000031
178.500107
1447.999146
-0.026000
0.000000
1.000000
195.999924
233.999969
178.500107
1801.999146
-0.036000
0.000000
1.000000
195.999924
233.999969
178.500107
2165.999023
-0.043000
0.000000
1.000000
195.999924
233.999969
178.500107
2529.999023
-0.047000
0.000000
1.000000
195.999924
233.999969
178.500107
2529.999023
-0.050000
0.000000
1.000000
182.499924
85.999969
164.500107
2529.996338
-0.050000
0.000000
1.000000
